image_width: 640
image_height: 480
camera_name: narrow_stereo
camera_matrix:
  rows: 3
  cols: 3
  data: [ 995.76365,    0.     ,  298.44266,
            0.     , 1066.4438 ,   54.54823,
            0.     ,    0.     ,    1.     ]
distortion_model: plumb_bob
distortion_coefficients:
  rows: 1
  cols: 5
  data: [0.263399, 0.031355, -0.119913, 0.003019, 0.000000]
rectification_matrix:
  rows: 3
  cols: 3
  data: [1., 0., 0.,
         0., 1., 0.,
         0., 0., 1.]
projection_matrix:
  rows: 3
  cols: 4
  data: [1031.31217,    0.     ,  300.15234,    0.     ,
            0.     ,  996.98366,   36.47303,    0.     ,
            0.     ,    0.     ,    1.     ,    0.     ]
