# oST version 5.0 parameters


[image]

width
640

height
480

[narrow_stereo]

camera matrix
995.763650 0.000000 298.442660
0.000000 1066.443797 54.548226
0.000000 0.000000 1.000000

distortion
0.263399 0.031355 -0.119913 0.003019 0.000000

rectification
1.000000 0.000000 0.000000
0.000000 1.000000 0.000000
0.000000 0.000000 1.000000

projection
1031.312168 0.000000 300.152339 0.000000
0.000000 996.983656 36.473026 0.000000
0.000000 0.000000 1.000000 0.000000
